accuracy: 0.620604259534423
precision(macro): 0.6889407957483692
precision(micro): 0.620604259534423
precision(None): [0.53030303 1.         1.         1.         1.         1.
 1.         0.5        0.72727273 1.         0.43537415 0.59624413
 0.         0.93617021 0.76923077 0.         0.42201835 0.32374101
 0.83333333 0.70512821]
recall(macro): 0.5807816637583672
recall(micro): 0.620604259534423
recall(None): [0.98870056 0.52586207 1.         1.         0.86407767 0.11678832
 0.04444444 0.675      0.7        0.86153846 0.83116883 0.97692308
 0.         1.         0.22222222 0.         0.39655172 0.72
 0.03759398 0.6547619 ]
f1(macro): 0.5522356156119043
f1(micro): 0.620604259534423
f1(None): [0.69033531 0.68926554 1.         1.         0.92708333 0.20915033
 0.08510638 0.57446809 0.7133758  0.92561983 0.57142857 0.74052478
 0.         0.96703297 0.34482759 0.         0.40888889 0.44665012
 0.07194245 0.67901235]
class accuracys: 0.999, 0.9455, 1.0, 1.0, 0.9931, 0.9401, 0.9787, 0.9871, 0.9881, 0.9955, 0.9936, 0.997, 0.9728, 1.0, 0.9827, 0.9772, 0.9653, 0.9827, 0.9366, 0.9856